[1], Jordan 1, 0.235, 250.00, 14.0
[2], Jordan 2, 0.250, 150.00, 15.0
[3], Jordan 3, 0.340, 200.00, 3.0
[4], Jordan 4, 0.535, 230.00, 20.0
[5], Jordan 5, 0.238, 225.00, 13.0
[6], Jordan 6, 0.275, 270.00, 15.0
[7], Jordan 7, 0.215, 550.00, 19.0
[8], Jordan 8, 0.265, 220.00, 15.0
[9], Jordan 9, 0.335, 990.00, 17.0
[10], Curry 1, 0.224, 180.00, 19.0
[11], Curry 2, 0.333, 160.00, 15.0
[12], Curry 3, 0.265, 210.00, 15.0
[13], Curry 4, 0.300, 260.00, 13.0
[14], Curry 5, 0.228, 210.00, 24.0
[15], Curry 6, 0.222, 200.00, 13.0
[16], Curry 7, 0.440, 200.00, 17.0
[17], Kyrie 1, 0.335, 200.00, 14.0
[18], Kyrie 3, 0.400, 300.00, 13.0
[19], Kyrie 5, 0.222, 200.00, 6.0
[20], Kyrie 6, 0.333, 200.00, 4.0
[21], Kyrie 8, 0.222, 200.00, 6.0
