750.0
600.0
2600.0
460.0
2925.0
1350.0
4950.0
3341.0
1100.0
15750.0
900.0
960.0
800.0
1050.0
260.0
5040.0
600.0
1400.0
800.0
840.0
1500.0
750.0
600.0
2600.0
460.0
2925.0
1350.0
4950.0
3341.0
1100.0
15750.0
900.0
960.0
800.0
1050.0
260.0
5040.0
600.0
1400.0
800.0
840.0
1500.0
750.0
600.0
2600.0
460.0
2925.0
1350.0
4950.0
3341.0
1100.0
15750.0
900.0
960.0
800.0
1050.0
260.0
5040.0
600.0
1400.0
800.0
840.0
1500.0
750.0
600.0
2600.0
460.0
2925.0
1350.0
4950.0
3341.0
1100.0
15750.0
900.0
960.0
800.0
1050.0
260.0
5040.0
600.0
1400.0
800.0
840.0
1500.0
750.0
600.0
2600.0
460.0
2925.0
1350.0
4950.0
3341.0
1100.0
15750.0
900.0
960.0
800.0
1050.0
260.0
5040.0
600.0
1400.0
800.0
840.0
1500.0
750.0
600.0
2600.0
460.0
2925.0
1350.0
3341.0
1100.0
15750.0
900.0
960.0
800.0
1050.0
260.0
5040.0
600.0
1400.0
800.0
840.0
1500.0
1200.0
750.0
600.0
2600.0
460.0
2925.0
1350.0
3341.0
1100.0
15750.0
900.0
960.0
800.0
1050.0
260.0
5040.0
600.0
1400.0
800.0
840.0
1500.0
1200.0
750.0
600.0
2600.0
460.0
2925.0
1350.0
4950.0
1100.0
15750.0
900.0
960.0
800.0
1050.0
260.0
5040.0
600.0
1400.0
800.0
840.0
1500.0
1400.0
750.0
600.0
2600.0
460.0
2925.0
4950.0
1100.0
22500.0
900.0
960.0
800.0
1050.0
260.0
5040.0
600.0
1400.0
800.0
840.0
1500.0
1400.0
1000.0
750.0
600.0
2600.0
460.0
2925.0
4950.0
1100.0
22500.0
900.0
960.0
800.0
1050.0
260.0
5040.0
600.0
1400.0
800.0
840.0
1500.0
1400.0
1000.0
750.0
600.0
2600.0
460.0
2925.0
1350.0
4950.0
1100.0
22500.0
900.0
960.0
800.0
1050.0
260.0
5040.0
600.0
1400.0
800.0
840.0
1500.0
1400.0
1000.0
3500.0
2250.0
2600.0
4600.0
2925.0
4050.0
10450.0
3300.0
16830.0
3420.0
2400.0
3150.0
3380.0
5040.0
2600.0
3400.0
2800.0
5040.0
3900.0
3360.0
3000.0
3500.0
2250.0
2600.0
4600.0
2925.0
4050.0
10450.0
3300.0
16830.0
3420.0
2400.0
3150.0
3380.0
5040.0
2600.0
3400.0
2800.0
5040.0
3900.0
3360.0
3000.0
3500.0
2250.0
600.0
4600.0
2925.0
4050.0
10450.0
3300.0
16830.0
3420.0
2400.0
3150.0
3380.0
5040.0
2600.0
3400.0
2800.0
5040.0
3900.0
3360.0
3500.0
2250.0
600.0
4600.0
2925.0
4050.0
10450.0
3300.0
16830.0
3420.0
2400.0
3150.0
3380.0
5040.0
2600.0
3400.0
2800.0
5040.0
3900.0
3360.0
1200.0
1000.0
3500.0
2250.0
600.0
4600.0
2925.0
4050.0
10450.0
3300.0
16830.0
3420.0
2400.0
3150.0
3380.0
5040.0
2600.0
3400.0
2800.0
3900.0
3360.0
1200.0
1000.0
3500.0
2250.0
600.0
4600.0
2925.0
4050.0
10450.0
3300.0
16830.0
3420.0
2400.0
3150.0
3380.0
5040.0
2600.0
3400.0
2800.0
3900.0
1200.0
1000.0
1400.0
600.0
3500.0
2250.0
600.0
4600.0
2925.0
4050.0
10450.0
3300.0
16830.0
3420.0
2400.0
3150.0
3380.0
5040.0
2600.0
3400.0
2800.0
3900.0
1200.0
1000.0
600.0
3500.0
2250.0
600.0
4600.0
2925.0
4050.0
10450.0
3300.0
16830.0
3420.0
2400.0
3150.0
3380.0
5040.0
2600.0
3400.0
2800.0
3900.0
1200.0
800.0
400.0
3500.0
2250.0
600.0
4600.0
2925.0
4050.0
10450.0
3300.0
16830.0
3420.0
2400.0
3150.0
3380.0
5040.0
2600.0
3400.0
2800.0
3900.0
1200.0
800.0
1200.0
